--------------------------------------------
Maximum Likelihood estimation
BFGS maximization, 0 iterations
Return code 0: successful convergence 
Log-Likelihood: -268912.9 
43  free parameters
Estimates:
                       Std. error                 
uno         -1.571e+00  2.637e-02 -5.957e+01 0.000
GENDER_MALE  9.166e-03  3.557e-02  2.577e-01 0.797
uno         -5.736e-01  1.890e-02 -3.034e+01 0.000
GENDER_MALE -2.046e-02  2.482e-02 -8.245e-01 0.410
uno         -2.296e+00  3.205e-02 -7.162e+01 0.000
GENDER_MALE -1.811e-02  4.482e-02 -4.041e-01 0.686
uno         -1.110e+00  2.099e-02 -5.290e+01 0.000
GENDER_MALE  2.582e-02  2.820e-02  9.156e-01 0.360
uno         -5.785e-01  1.948e-02 -2.970e+01 0.000
GENDER_MALE -1.108e-01  2.599e-02 -4.263e+00 0.000
uno         -2.330e+00  3.546e-02 -6.570e+01 0.000
GENDER_MALE  6.452e-02  4.772e-02  1.352e+00 0.176
uno         -3.338e+00  5.681e-02 -5.875e+01 0.000
GENDER_MALE  7.682e-02  7.648e-02  1.004e+00 0.315
uno         -1.438e+00  2.352e-02 -6.116e+01 0.000
GENDER_MALE  8.881e-02  3.182e-02  2.791e+00 0.005
uno         -2.651e+00  3.969e-02 -6.680e+01 0.000
GENDER_MALE  2.615e-01  5.192e-02  5.037e+00 0.000
uno         -3.255e+00  5.581e-02 -5.833e+01 0.000
GENDER_MALE -1.197e-01  7.796e-02 -1.535e+00 0.125
uno         -3.801e+00  7.292e-02 -5.213e+01 0.000
GENDER_MALE -2.987e-02  9.867e-02 -3.027e-01 0.762
uno         -3.080e+00  4.932e-02 -6.244e+01 0.000
GENDER_MALE  1.507e-01  6.571e-02  2.293e+00 0.022
uno         -2.523e+00  4.040e-02 -6.246e+01 0.000
GENDER_MALE -1.125e-01  5.636e-02 -1.996e+00 0.046
uno         -3.005e+00  4.358e-02 -6.895e+01 0.000
GENDER_MALE  1.611e-01  5.855e-02  2.751e+00 0.006
D1           0.000e+00  0.000e+00         NA    NA
G1           1.171e+01  1.838e-01  6.373e+01 0.000
G2           8.831e+00  2.496e-01  3.538e+01 0.000
G3           2.062e+01  3.930e-01  5.248e+01 0.000
G4           7.443e+00  2.928e-01  2.542e+01 0.000
G5           1.104e+01  2.436e-01  4.532e+01 0.000
G6           1.296e+01  2.919e-01  4.440e+01 0.000
G7           1.133e+01  4.214e-01  2.687e+01 0.000
G8           4.759e+00  3.280e-01  1.451e+01 0.000
G9           2.982e+03  1.300e+03  2.295e+00 0.022
G10          1.270e+01  5.315e-01  2.390e+01 0.000
G11          7.648e+00  5.565e-01  1.374e+01 0.000
G12          8.074e+00  7.290e-01  1.107e+01 0.000
G13          6.977e+00  4.025e-01  1.733e+01 0.000
G14          4.371e+00  2.764e-01  1.581e+01 0.000
G15          1.063e+01  4.580e-01  2.322e+01 0.000
sigm         1.000e+00  0.000e+00         NA    NA
--------------------------------------------
